0.03095892917078275    0  time 251.37394618988037
0.002064406476580562    1  time 238.93106055259705
0.0005906909638538193    2  time 240.98313212394714
0.0003736697758237521    3  time 243.52814722061157
0.00027170648323730204    4  time 239.76386260986328
0.00022216004197103665    5  time 237.06206822395325
0.00019402202496376746    6  time 238.90414142608643
0.00015546663243395207    7  time 239.66410899162292
0.00013831811330209556    8  time 239.21362709999084
0.0001221357017922669    9  time 244.47978496551514
0.002002789181633256    10  time 373.84651160240173
0.00028202684718566255    11  time 370.9024877548218
0.00016000407474796072    12  time 368.38521337509155
0.0001373623610468199    13  time 369.6207945346832
0.00011945106854023508    14  time 372.74561619758606
0.00011162224695092451    15  time 374.8362352848053
0.00010363395998958881    16  time 376.56975960731506
0.00010015935031100152    17  time 375.85619044303894
9.098391814264827e-05    18  time 373.83316564559937
8.639761411662523e-05    19  time 372.4091069698334
0.0010181244438848432    20  time 507.9805910587311
0.00014973418074699802    21  time 506.33058524131775
0.0001010054033388917    22  time 499.705938577652
9.337116095523995e-05    23  time 504.43476033210754
9.393199525065083e-05    24  time 510.8283426761627
9.264135380020827e-05    25  time 506.0395829677582
8.370280743409426e-05    26  time 497.9840819835663
8.466087876715593e-05    27  time 507.3991746902466
7.770823990890327e-05    28  time 509.1020529270172
8.515956257887854e-05    29  time 506.56326484680176
0.0006435650017990086    30  time 638.4081707000732
0.00010348130472732755    31  time 638.2336230278015
7.828433859126214e-05    32  time 633.372373342514
7.259075780614064e-05    33  time 625.7494742870331
7.57618856881984e-05    34  time 626.0151987075806
7.608225173615397e-05    35  time 633.6226615905762
6.993156820475959e-05    36  time 630.3319201469421
6.360005708978487e-05    37  time 628.6809713840485
6.585944270810637e-05    38  time 631.1071412563324
6.40959032282878e-05    39  time 635.00310754776
0.00046770582990482066    40  time 765.5966234207153
7.831876151239834e-05    41  time 756.886766910553
6.018186883571056e-05    42  time 753.5795969963074
5.6108819404378156e-05    43  time 746.8397178649902
6.183203596335191e-05    44  time 750.590657711029
6.515653759169464e-05    45  time 766.3493645191193
5.980815359343512e-05    46  time 748.5305697917938
5.601179347230266e-05    47  time 745.0550062656403
5.6366837816312924e-05    48  time 756.8391227722168
5.694071272722422e-05    49  time 762.8062660694122
0.0003242007480848692    50  time 891.416330575943
6.157880319127191e-05    51  time 888.7089269161224
4.5810918160515205e-05    52  time 892.0584480762482
4.6425927644316895e-05    53  time 880.0509667396545
4.8203623786958684e-05    54  time 865.7298500537872
4.753925271419824e-05    55  time 890.1768910884857
4.781631854338906e-05    56  time 881.414395570755
4.71150385400949e-05    57  time 896.2111835479736
4.839102228164164e-05    58  time 891.300719499588
4.9504933880769414e-05    59  time 875.1755366325378
0.0002531058463522134    60  time 1015.9286158084869
5.1300394674592514e-05    61  time 1005.8626158237457
3.803752001542121e-05    62  time 1015.0929527282715
3.791013898860131e-05    63  time 998.3309173583984
3.971749609216857e-05    64  time 989.6279733181
4.3716415444784713e-05    65  time 1012.5477020740509
4.1751685166806525e-05    66  time 988.281601190567
4.188671753734977e-05    67  time 1011.0548911094666
4.174356927051321e-05    68  time 1010.643031835556
3.977330888096148e-05    69  time 1001.1403229236603
0.00019922877468977676    70  time 1136.3762454986572
4.400037729423135e-05    71  time 1125.8603978157043
3.138348370274075e-05    72  time 1139.0599286556244
3.13191391167213e-05    73  time 1114.2190403938293
3.4041460234080794e-05    74  time 1129.3789067268372
3.580536179540034e-05    75  time 1127.9516687393188
3.3427728078841496e-05    76  time 1139.419795036316
3.187854303970921e-05    77  time 1135.7085826396942
3.585891347775498e-05    78  time 1127.8033483028412
3.490928532137798e-05    79  time 1131.9187297821045
0.00016624081567755006    80  time 1234.9149038791656
3.686618806788979e-05    81  time 1246.661789894104
2.76230818736619e-05    82  time 1237.6338477134705
2.5280877039701472e-05    83  time 1249.1482906341553
2.5382990175407076e-05    84  time 1260.8073756694794
2.955345950517909e-05    85  time 1247.1209063529968
2.8180169535965322e-05    86  time 1240.594838142395
2.8928048129954996e-05    87  time 1249.1896328926086
2.945272531891056e-05    88  time 1253.5560257434845
2.9815006052592287e-05    89  time 1240.3051941394806
0.00013618079636496707    90  time 1382.6773540973663
3.0510832752602604e-05    91  time 1374.2729823589325
2.3280013791428737e-05    92  time 1368.6173176765442
2.1893773914481967e-05    93  time 1385.3383164405823
2.1166683395560353e-05    94  time 1384.0301721096039
2.11155497116777e-05    95  time 1389.459686756134
2.190120777903268e-05    96  time 1398.3705773353577
2.3904755377234555e-05    97  time 1382.080994129181
2.453263186348172e-05    98  time 1380.097237110138
2.3613118944176214e-05    99  time 1376.9776997566223
0.00011482730131739606    100  time 1532.4138352870941
2.7726367395479743e-05    101  time 1516.0301439762115
1.940186473862257e-05    102  time 1515.8093349933624
1.80235096008684e-05    103  time 1520.5092344284058
1.721165752437808e-05    104  time 1516.13965177536
1.6823909999824418e-05    105  time 1511.314593076706
1.781837764252542e-05    106  time 1502.5427198410034
1.9740997774294187e-05    107  time 1512.0470397472382
1.7801739769610022e-05    108  time 1524.875687122345
1.7522782675372676e-05    109  time 1496.068365097046
0.00010168898979283503    110  time 1647.790786266327
2.089382887322408e-05    111  time 1639.2295968532562
1.471818974002814e-05    112  time 1628.142162322998
1.4044357646300467e-05    113  time 1646.7598116397858
1.4483028314868388e-05    114  time 1612.3563170433044
1.4852693366109687e-05    115  time 1630.4384417533875
1.4793287858697306e-05    116  time 1630.8726735115051
1.513003805104014e-05    117  time 1638.7625555992126
1.4352870779957734e-05    118  time 1636.479641675949
1.4468543369543902e-05    119  time 1631.6855370998383
8.917109890040965e-05    120  time 1764.7831909656525
1.8283499445430052e-05    121  time 1766.1008930206299
1.1732618836961554e-05    122  time 1764.0309467315674
1.0974782002865681e-05    123  time 1763.7689800262451
1.0928147907793168e-05    124  time 1751.5330369472504
1.3097498556268375e-05    125  time 1760.8800311088562
1.1638025825529101e-05    126  time 1757.9497408866882
1.0799872993190334e-05    127  time 1757.0153980255127
1.0922591378076527e-05    128  time 1763.414668083191
1.2245257414925176e-05    129  time 1763.6899654865265
7.767589964188341e-05    130  time 1879.6972467899323
1.410160802928185e-05    131  time 1876.5287928581238
9.79510761627709e-06    132  time 1877.5760009288788
9.21111094322731e-06    133  time 1880.560658454895
1.0233880503609735e-05    134  time 1882.0025296211243
9.65082455058019e-06    135  time 1888.25217461586
9.365039967143765e-06    136  time 1896.0307478904724
9.83050093907631e-06    137  time 1895.5790746212006
1.0055806563489972e-05    138  time 1897.727634191513
9.413796297706077e-06    139  time 1892.3711242675781
6.953337355656151e-05    140  time 2029.732527256012
1.248051841249769e-05    141  time 2043.864068031311
7.694332171868309e-06    142  time 2027.594309091568
8.85237054600834e-06    143  time 2009.5791466236115
7.418493205944125e-06    144  time 2026.9285633563995
7.843515471531412e-06    145  time 2037.1668264865875
8.160372303985855e-06    146  time 2028.719484090805
8.655661780737404e-06    147  time 2019.9346523284912
