0.056281072279777036    0
0.029423963911189333    1
0.021728646603063676    2
0.016829475379316138    3
0.01355561638410401    4
0.011042688643573922    5
0.00960730182729083    6
0.008549439520155305    7
0.007784257452291168    8
0.007082323057139574    9
0.006518146050247279    10
0.005940992696582036    11
0.005319707282728896    12
0.004742819869945489    13
0.004331773431805866    14
0.003955008988019085    15
0.0035984550283112296    16
0.003324096589393307    17
0.0031067351229911292    18
0.0029524285242527684    19
0.002759500387226581    20
0.0025856377045468744    21
0.002450407261663438    22
0.0023336817564916356    23
0.0021836922131628716    24
0.002105832177475818    25
0.0020296919399435424    26
0.0019331681329975696    27
0.0018495242341201503    28
0.0017793039529336084    29
0.0016891563783181923    30
0.0016200784507490232    31
0.0016087079596973403    32
0.0015407947198144744    33
0.0014769633271110554    34
0.001400379880049899    35
0.0010074840428366742    36
0.0008362166509749923    37
0.000805901235591591    38
0.0008057378468122007    39
0.0007732215926468294    40
0.0007528566832159854    41
0.0007403814325789977    42
0.0007322051885660612    43
0.000699656492088252    44
0.0006949550512838345    45
0.0005441436835971024    46
0.0004769483932069499    47
0.00046347283995055473    48
0.00045951367448646065    49
0.0004486709165729267    50
0.00044723053653102725    51
0.0004346897865918546    52
0.0004278280824708032    53
0.0004203849707408319    54
0.0004103224722777227    55
0.0004054245179210711    56
0.00035765862461729827    57
0.00032937242909412647    58
0.00032175911495830933    59
0.00031758470859136705    60
0.00031561412647401586    61
0.00030922665540966785    62
0.00030048852598608364    63
0.0002897069336779003    64
0.00028414200470025676    65
0.00027960516017772145    66
0.000275428513132669    67
0.0002714826793145414    68
0.00026770418772155776    69
0.00026405742783241625    70
0.0002605347116294235    71
0.00025710169805598994    72
0.0002537626392690568    73
0.0002505220190188552    74
0.0002473740780693664    75
0.0002444089790764834    76
0.00024168743745753036    77
0.00023972247463842163    78
0.00023797876101828782    79
0.0002363244914306437    80
0.00023419979208500244    81
0.0002321817284973253    82
0.00023004942888424427    83
0.00022802461729583173    84
0.00022602355458906404    85
0.0002241913317462935    86
0.0002224638803665143    87
0.00022075028333115785    88
0.00021779542544583932    89
0.0002139087151245445    90
0.0002121488243009839    91
0.00021060066284195328    92
0.00020916077360186934    93
0.00020775681696850922    94
0.0002064003719104662    95
0.00020506262163218542    96
0.00020375789021278304    97
0.0002024672408328611    98
0.00020120581129131924    99
0.0001999531022616297    100
0.0001987284424739383    101
0.00019750941351109457    102
0.00019631885570070703    103
0.00019513193226705907    104
0.00019397538593274836    105
0.0001928169197287086    106
0.00019169381999414658    107
0.00019057167277539768    108
0.00018948480756774766    109
0.00018840071109080424    110
0.00018735118363791557    111
0.00018631145792102018    112
0.00018530312567790216    113
0.00018431466949277818    114
0.00018336377881623226    115
0.00018245521210164125    116
0.00018155751072059835    117
0.00018070421360745527    118
0.0001798220787752529    119
0.0001789683254680836    120
0.00017810139848894104    121
0.00017724380713711566    122
0.000176435218587964    123
0.00017555558157078907    124
0.00017478970073234176    125
0.00017389621699754625    126
0.00017316579715707397    127
0.0001723233253106821    128
0.00017161013209272022    129
0.0001708309059255925    130
0.00017013178131180734    131
0.0001694315895856562    132
0.0001686537321365904    133
0.00016792987390131615    134
0.00016717036214454722    135
0.00016650915973095284    136
0.00016581670294393307    137
0.00016515697611799678    138
0.0001644695380175494    139
0.0001637900981180737    140
0.00016310138841772365    141
0.00016248119698293248    142
0.0001617925871984026    143
0.00016122811367553036    144
0.00016055399394537579    145
0.0001600368816434363    146
0.0001593683993351354    147
0.0001588552171569697    148
0.0001581995914925342    149
0.00015769587360007408    150
0.00015705324181508883    151
0.00015656461190332213    152
0.00015594808425336824    153
0.00015547730797014524    154
0.00015487269580843893    155
0.00015440169220886616    156
0.0001538270780795508    157
0.00015334839110734967    158
0.0001527680451152981    159
0.000152243504036464    160
0.000151676787553201    161
0.0001511261341072234    162
0.00015065189275581802    163
0.00015011188416690744    164
0.00014967061701571022    165
0.00014909676468814173    166
0.00014865088908181585    167
0.00014808228825432073    168
0.00014762386791508935    169
0.0001470848535994843    170
0.00014660716652608905    171
0.00014609661084815536    172
0.00014563076149884044    173
0.0001451809601981729    174
0.00014474262542945796    175
0.0001442802213331368    176
0.00014386124355493822    177
0.00014338468852868877    178
0.00014300096039683425    179
0.00014250883773611072    180
0.00014210139600499767    181
0.00014161363679638517    182
0.0001412111114995324    183
0.00014078886460891117    184
0.00014041011915560375    185
0.0001400603085250733    186
0.00013962987287471728    187
0.00013932589909257907    188
0.00013890436748302323    189
0.00013865126395795055    190
0.00013820280543435124    191
0.0001379078341533662    192
0.0001359681811762295    193
0.00013439123390765993    194
0.00013397091160029297    195
0.00013357940742009141    196
0.0001339774048665552    197
0.00013359200859386792    198
0.00013329700495253775    199
0.0001330423727958987    200
0.00013280774497299275    201
0.0001325856694096949    202
0.0001323724305312322    203
0.0001321653808628815    204
0.00013196360593949728    205
0.00013176572697526958    206
0.00013157102280018246    207
0.00013137883307268622    208
0.00013118894695181743    209
0.0001310011228593849    210
0.00013081534675358963    211
0.0001306309427376563    212
0.00013044811647948033    213
0.00013026616372013505    214
0.0001300858187534521    215
0.000129906442391323    216
0.00012972784508047245    217
0.0001295504537175392    218
0.00012937390974211943    219
0.0001291984139686864    220
0.00012902351224006864    221
0.00012884941678660683    222
0.00012867590546121582    223
0.00012850318133284116    224
0.00012833116262881406    225
0.0001281596692019362    226
0.00012798903775196915    227
0.0001278187229480395    228
0.00012764916294012932    229
0.0001274800753267989    230
0.00012731163638195678    231
0.00012714364270392033    232
0.00012697628699176924    233
0.00012680925009843838    234
0.00012664285488881433    235
0.00012647677075647428    236
0.0001263111999619606    237
0.0001261461148549808    238
0.00012598144484518619    239
0.00012581735132706937    240
0.00012565343060881183    241
0.00012549025450795    242
0.0001253271283564545    243
0.00012516471578717095    244
0.00012500274044125972    245
0.00012484092599066626    246
0.00012467964901801074    247
0.0001245187580956774    248
0.00012435830970706306    249
0.000124198148619612    250
0.0001240384902431756    251
0.00012387906124976407    252
0.00012371992763515166    253
0.00012356120098860573    254
0.0001234028832665045    255
0.0001232450166423653    256
0.0001230874171853264    257
0.00012293002725343257    258
0.00012277298083192747    259
0.0001226165269121008    260
0.00012246038826403742    261
0.00012230446086483206    262
0.00012214902257004945    263
0.00012199371802134095    264
0.00012183879782002228    265
0.00012168421867425589    266
0.00012152996921025933    267
0.00012137612665846422    268
0.00012122249904181941    269
0.00012106926759456241    270
0.00012091647445286623    271
0.00012076374641360003    272
0.00012061147587169355    273
0.00012045951665814672    274
0.00012030789363289483    275
0.0001201565040380019    276
0.00012000552145755963    277
0.00011985475839171131    278
0.00011970425373078107    279
0.00011955412666504179    280
0.00011940421220135082    281
0.00011925484292056132    282
0.00011910549489281644    283
0.00011895662966650309    284
0.00011880794214294205    285
0.00011865969665714972    286
0.00011851171633993959    287
0.00011836395585851278    288
0.00011821645247439874    289
0.00011806939658810846    290
0.00011792240972929655    291
0.00011777588461477121    292
0.00011762956362260659    293
0.0001174835712834906    294
0.00011733778731501263    295
0.00011719230191950677    296
0.00011704714390891075    297
0.00011690222377172065    298
0.00011675753603735344    299
0.00011661321199296777    300
0.00011646919798719562    301
0.00011632532756473004    302
0.00011618193176877179    303
0.0001160385478922101    304
0.00011589567116772575    305
